((("substr" .
   [1 0 0 0 0 0])
  ("pos" .
   [3 0 0])
  ("adids" .
   [1 0 1 0 0])
  ("size" .
   [2 0 0 0])
  ("uid" .
   [7 0 0])
  ("line" .
   [3 0 0 0])
  ("endl" .
   [7 0 0 0])
  ("ltt_min" .
   [1 0 0 0 0 0 0])
  ("ltt_hour" .
   [1 0 0 0 0 0 0 0])
  ("fin_all_con" .
   [1 0 0 0 0 0 0 0 0 0 0])
  ("/mnt/" .
   [0 1 0 0 0])
  ("wkpercent_str" .
   [0 0 0 1 0 0 0 0 0 0 0 0 0])
  ("wkfin_str" .
   [0 0 0 0 0 1 0 0 0])
  ("wkimp_str" .
   [0 0 1 0 0 0 0 0 0])
  ("wkiv_str" .
   [1 0 0 0 0 0 0 0])
  ("yday" .
   [6 0 0 0])
  ("sum_imp" .
   [2 0 0 0 0 0 0])
  ("post" .
   [1 0 0 0])
  ("day_table" .
   [3 0 0 0 0 0 1 0 0])
  ("moi_pc" .
   [0 0 0 1 0 0])
  ("dc" .
   [10 0])
  ("ett" .
   [1 0 0])
  ("ltt" .
   [3 0 0])
  ("starttime" .
   [1 0 0 0 1 1 0 0 0])
  ("spe" .
   [2 0 0])
  ("js" .
   [1 0])
  ("json" .
   [3 0 0 0])
  ("adreport" .
   [1 0 0 0 0 0 0 0])
  ("db_name" .
   [1 0 0 0 0 0 0])
  ("set" .
   [1 0 0])
  ("fig" .
   [2 0 0])
  ("10" .
   [3 1])
  ("hoursFmt" .
   [1 0 0 0 0 0 0 0])
  ("ax" .
   [1 0])
  ("wfbidfeed_time" .
   [0 0 1 0 0 0 0 0 0 0 0 0 0 0])
  ("ybidfeed_time" .
   [0 0 1 0 0 0 0 0 0 0 0 0 0])
  ("lb" .
   [2 0])
  ("from" .
   [1 0 0 0])
  ("pngdata" .
   [1 0 0 2 0 0 0])
  ("png" .
   [1 0 0])
  ("b" .
   [1])
  ("tdays" .
   [2 0 1 0 0])
  ("match" .
   [3 0 0 0 0])
  ("t" .
   [3])
  ("bidfeed_time" .
   [2 0 0 1 0 0 0 0 0 0 0 0])
  ("levels2" .
   [4 0 1 0 0 0 0])
  ("dates2" .
   [4 0 0 0 0 0])
  ("matchart" .
   [1 0 0 1 0 0 0 0])
  ("levels" .
   [12 0 4 0 0 0])
  ("plt" .
   [3 0 0])
  ("years" .
   [1 0 0 0 0])
  ("quotes" .
   [1 0 1 0 0 0])
  ("xlim" .
   [0 2 0 0])
  ("is_content" .
   [0 0 0 0 2 0 0 0 0 0])
  ("content_file" .
   [4 0 0 0 0 0 0 0 0 0 0 0])
  ("content" .
   [6 0 0 0 0 0 1])
  ("html" .
   [2 0 0 0])
  ("http_text" .
   [1 0 0 0 0 1 0 0 0])
  ("yesterday" .
   [0 0 0 0 0 0 1 0 0])
  ("sina" .
   [2 0 0 0])
  ("os" .
   [1 0])
  ("his_count" .
   [2 0 0 0 0 0 0 0 0])
  ("http" .
   [3 0 0 0])
  ("d" .
   [2])
  ("execute" .
   [0 1 2 0 0 0 3])
  ("google_chart" .
   [0 0 0 0 0 0 0 1 0 0 0 0])
  ("return" .
   [5 0 0 0 0 1])
  ("day_str" .
   [1 0 0 0 0 0 0])
  ("strftime" .
   [0 0 0 0 1 0 0 0])
  ("type" .
   [2 0 0 0])
  ("yes_st" .
   [3 0 0 0 0 0])
  ("dtime" .
   [1 0 0 0 0])
  ("bidfeed_fc_all_dt" .
   [0 0 0 1 0 0 0 0 0 0 0 0 0 0 1 0 0])
  ("not" .
   [11 0 0])
  ("None" .
   [7 1 1 0])
  ("his" .
   [2 0 0])
  ("his_table" .
   [1 0 0 2 1 0 0 0 0])
  ("alertting" .
   [0 0 0 0 0 0 1 0 1])
  ("f_iv" .
   [4 0 0 0])
  ("f_imp" .
   [2 0 0 0 0])
  ("f_ecfc" .
   [1 0 0 0 1 0])
  ("f_fc" .
   [1 0 0 0])
  ("f_ec" .
   [1 0 0 0])
  ("f_aecafc" .
   [0 0 0 1 0 0 0 0])
  ("50" .
   [1 0])
  ("999" .
   [1 0 0])
  ("t_iv" .
   [2 0 0 0])
  ("t_imp" .
   [1 0 1 0 0])
  ("t_ec" .
   [3 0 0 0])
  ("is_fc" .
   [15 0 0 0 0])
  ("is_iv" .
   [17 0 0 0 0])
  ("iv" .
   [6 0])
  ("imp" .
   [13 0 0])
  ("fc" .
   [6 0])
  ("ec" .
   [9 0])
  ("get_alert" .
   [1 0 0 0 0 0 0 0 0])
  ("fin_str" .
   [2 0 0 0 0 0 0])
  ("fc_ec_st" .
   [0 0 0 0 0 0 0 1])
  ("min_data" .
   [8 0 0 0 0 0 1 1])
  ("1000" .
   [2 0 0 0])
  ("last_time" .
   [6 0 0 0 1 0 3 1 0])
  ("close" .
   [1 0 0 0 0])
  ("fobj" .
   [2 0 0 0])
  ("open" .
   [1 0 0 0])
  ("fc_str" .
   [2 0 0 0 0 0])
  ("10000" .
   [4 0 0 0 0])
  ("week" .
   [11 0 0 0])
  ("90" .
   [1 0])
  ("and" .
   [12 0 0])
  ("is_sented" .
   [2 0 0 0 0 0 1 0 0])
  ("is_sent" .
   [5 0 0 0 2 0 0])
  ("all_size" .
   [0 0 0 0 0 1 0 0])
  ("cur_fin_dt" .
   [2 0 0 0 0 0 0 3 0 1])
  ("msgto" .
   [1 0 0 0 0])
  ("is_alert" .
   [4 0 0 1 2 1 0 0])
  ("day_key" .
   [9 0 0 1 0 0 0])
  ("fin_con" .
   [5 0 0 0 0 0 0])
  ("yes_bidfeed_fin" .
   [5 0 0 0 0 0 0 2 0 0 0 1 0 1 0])
  ("finally" .
   [0 0 0 1 0 0 1])
  ("bidfeed_fin" .
   [10 0 2 2 0 0 0 1 2 1 0])
  ("fin_consume" .
   [0 0 0 0 1 1 0 1 0 0 0])
  ("last_hour" .
   [4 0 1 0 3 0 0 0 0])
  ("624" .
   [0 1 0])
  ("cur_hour" .
   [3 0 0 0 0 0 0 1])
  ("equal_url" .
   [0 0 0 1 0 0 0 0 0])
  ("down_url" .
   [0 0 0 1 0 0 0 0])
  ("is" .
   [16 0])
  ("30" .
   [4 0])
  ("exe_name" .
   [1 0 0 0 3 0 0 0])
  ("pic_file_name" .
   [0 0 0 2 1 0 0 0 0 0 0 0 0])
  ("pic" .
   [1 0 0])
  ("elif" .
   [5 0 0 4])
  ("else" .
   [14 0 0 0])
  ("cur_iv_dt" .
   [0 0 0 0 0 0 5 2 0])
  ("20" .
   [1 0])
  ("time" .
   [10 0 0 0])
  ("datetime" .
   [8 0 0 0 2 0 0 1])
  ("CURRENT_PATH" .
   [0 0 0 1 1 0 0 0 0 0 0 0])
  ("up10_consume_dt" .
   [0 0 0 0 1 2 2 0 1 0 0 0 0 0 0])
  ("up_url" .
   [2 0 2 0 0 0])
  ("max_ct" .
   [1 0 0 0 0 0])
  ("max_imp" .
   [4 0 0 0 0 0 0])
  ("max_consume" .
   [1 0 0 0 0 0 0 1 1 0 0])
  ("max_data" .
   [9 0 0 0 2 3 4 4])
  ("cursor" .
   [16 0 0 5 2 4])
  ("table_name" .
   [9 0 1 3 1 8 2 1 0 1])
  ("float" .
   [28 1 2 0 1])
  ("yes_imp_dt" .
   [1 0 0 0 0 2 2 5 0 0])
  ("cur_imp_dt" .
   [3 0 0 0 1 0 1 3 0 0])
  ("percent_str_up10" .
   [0 0 0 1 2 0 0 0 0 0 0 0 1 0 2 0])
  ("percent_str" .
   [0 0 0 2 0 0 0 0 0 0 6])
  ("join" .
   [1 0 1 0])
  ("0" .
   [147])
  ("in" .
   [24 0])
  ("send_mail_bidfeed" .
   [0 0 0 0 0 0 1 0 0 0 0 0 0 0 0 0 0])
  ("html_text" .
   [2 0 0 1 1 0 3 0 0])
  ("title" .
   [9 0 0 0 0])
  ("def" .
   [6 0 0])
  ("min" .
   [34 0 0])
  ("hour" .
   [25 0 0 1])
  ("import" .
   [14 0 0 2 0 3])
  ("print" .
   [203 0 0 1 1])
  ("NULL" .
   [2 0 0 0])
  ("i" .
   [2])
  ("attr_index_prepsid" .
   [1 0 0 1 0 0 0 0 0 0 0 1 0 0 2 0 0 0])
  ("pre_psid" .
   [0 0 0 0 1 0 0 0])
  ("attributes" .
   [1 0 0 0 0 0 0 0 0 0])
  ("QueryForAdPsid" .
   [0 0 0 0 0 0 0 0 1 0 0 0 0 0])
  ("false" .
   [1 0 0 0 0])
  ("true" .
   [3 0 0 0])
  ("psid" .
   [2 0 0 0])
  ("query_msg" .
   [0 0 0 1 0 0 0 1 0])
  ("OK" .
   [1 0])
  ("ad_psid" .
   [0 0 1 0 0 0 0])
  ("addetail_ptr" .
   [1 0 0 1 0 0 0 0 0 0 0 0])
  ("asString" .
   [0 0 0 1 0 0 0 0])
  ("ParseAdPsid" .
   [0 0 1 0 0 0 0 0 0 0 0])
  ("isString" .
   [0 0 0 1 0 0 0 0])
  ("isNull" .
   [0 0 1 0 0 0])
  ("kAdPsid" .
   [0 2 2 2 0 0 0])
  ("IdxDefine" .
   [0 0 1 3 0 1 0 0 0])
  ("if" .
   [97 0])
  ("promoted_uid" .
   [0 0 0 0 0 0 0 1 0 0 0 0])
  ("AdOpcInfo" .
   [0 0 0 1 0 0 0 0 0])
  ("include" .
   [2 0 0 0 0 0 0])
  ("alias" .
   [1 0 0 0 0])
  ("u" .
   [3])
  ("start/home/w/share/spio/bin/spio" .
   [1 0 0 0 0 0 0 0 0 0 0 0 0 0 0 0 0 0 0 0 0 0 0 0 0 0 0 0 0 0 0 0])
  ("tomorrow" .
   [0 0 1 0 0 0 0 0])
  ("string" .
   [1 0 0 1 0 0])
  ("int" .
   [28 0 0])
  ("printf" .
   [0 0 0 0 0 1])
  ("(const char *restrict __format)" .
   [0 0 0 0 0 0 0 0 0 0 0 0 0 0 0 0 0 0 0 0 0 0 0 0 0 0 0 0 0 0 1])
  ("-spec" .
   [1 0 0 0 0])
  ("echo" .
   [7 0 0 0])
  ("target" .
   [0 0 0 1 0 0])
  ("BUILD_ROOT" .
   [0 0 1 1 0 1 0 0 0 0])
  ("version" .
   [0 0 0 0 1 0 0])
  ("release" .
   [0 0 0 1 0 0 0])
  ("RPM_MACROS" .
   [0 0 0 0 0 2 0 0 0 0])
  ("rpmbuild_repair" .
   [1 0 0 0 0 0 0 0 0 0 0 1 0 0 0])
  ("for" .
   [23 0 0])
  ("/usr/lib/rpm/redhat/macros" .
   [0 0 0 0 0 0 0 0 0 0 0 0 0 0 0 0 0 0 0 0 1 0 0 0 0 0])
  ("xinfeng" .
   [1 0 0 0 0 0 0])
  ("typedef" .
   [0 0 1 0 0 0 0])
  ("has_device" .
   [0 0 0 2 0 0 0 0 0 0])
  ("passwd" .
   [1 0 0 0 0 0])
  ("Client" .
   [0 0 1 0 0 0])
  ("send_alert" .
   [0 0 0 0 0 2 0 0 0 0])
  ("query" .
   [43 0 1 0 1])
  ("HOUR" .
   [2 0 0 0])
  ("consume" .
   [7 0 0 3 3 0 0])
  ("imp_ct" .
   [5 0 0 0 2 0])
  ("iv_ct" .
   [4 0 0 3 0])
  ("null" .
   [3 0 0 0])
  ("bidfeed_consume" .
   [0 0 0 8 1 0 0 0 0 0 0 0 0 0 1])
  ("dict" .
   [9 0 0 0])
  ("bidfeed_x" .
   [17 0 1 1 2 0 0 2 1])
  ("append" .
   [17 0 0 0 3 3])
  ("bin" .
   [1 0 0])
  ("bidfeed_y" .
   [7 0 0 1 2 1 2 0 0])
  ("apply" .
   [0 0 1 3 0])
  ("str_url" .
   [13 0 0 0 0 0 0])
  ("str_chd1" .
   [6 0 0 0 0 0 0 0])
  ("str_chxl" .
   [1 0 0 0 0 0 0 0])
  ("str" .
   [89 0 4])
  ("url_data" .
   [1 0 0 0 0 2 0 0])
  ("date" .
   [5 0 0 0])
  ("today" .
   [3 0 0 0 0])
  ("bidfeed_imp" .
   [5 0 1 0 0 0 0 0 0 1 0])
  ("bidfeed_iv" .
   [6 0 2 0 0 0 0 0 0 0])
  ("yes_bidfeed_imp" .
   [1 0 0 0 1 0 0 0 2 0 0 0 0 1 1])
  ("yes_bidfeed_iv" .
   [3 0 0 1 0 0 0 1 0 0 0 0 0 0])
  ("mailto" .
   [1 0 0 0 0 0])
  ("bidfeed_" .
   [0 0 1 0 0 0 0 1])
  ("1" .
   [12])
  ("yes_bidfeed_y" .
   [0 0 0 0 1 0 0 0 1 0 0 0 0])
  ("cur_consume_dt" .
   [0 0 0 4 4 1 0 4 0 1 0 0 0 5])
  ("yes_consume_dt" .
   [0 0 0 5 0 0 0 3 0 0 0 0 0 4])
  ("abs" .
   [1 0 0])
  ("db_table" .
   [9 0 9 14 1 1 0 0])
  ("iv_str" .
   [4 0 0 1 1 1])
  ("iv_str_up10" .
   [1 0 0 0 1 0 0 1 1 0 0])
  ("cd" .
   [1 0])
  ("sent_txt_mail" .
   [0 0 0 1 0 0 0 0 0 0 0 0 0])
  ("imp_str" .
   [2 0 0 0 0 1 0])
  ("imp_str_up10" .
   [0 0 0 0 2 0 0 0 0 0 0 0])
  ("object_text" .
   [1 0 0 0 0 0 0 0 0 0 0])
  ("up10_iv_dt" .
   [0 0 0 0 4 0 0 1 0 0])
  ("yes_iv_dt" .
   [0 0 0 0 0 0 5 1 0])
  ("up10_imp_dt" .
   [0 0 1 0 0 0 0 3 0 0 0])
  ("ret" .
   [1 0 0])
  ("tm" .
   [4 0])
  ("or" .
   [5 0])
  ("100" .
   [4 3 0])
  ("double" .
   [2 0 0 0 0 0])
  ("yes" .
   [1 0 0])
  ("yes_bidfeed_" .
   [0 0 0 0 0 0 0 0 0 0 0 1])
  ("len" .
   [21 0 0])
  ("res_len" .
   [9 0 0 1 0 0 0])
  ("logging" .
   [2 1 0 2 0 0 1])
  ("debug" .
   [5 0 1 0 0])
  ("3" .
   [2])
  ("all_text" .
   [2 0 0 0 0 0 0 0])
  ("all_msg" .
   [2 0 0 0 0 0 0])
  ("all_consume" .
   [0 0 0 2 4 1 0 0 0 0 2])
  ("cur_fin_all_dt" .
   [0 0 0 0 0 0 0 0 0 0 0 2 0 0])
  ("all_count" .
   [4 0 0 0 1 7 0 1 2])
  ("yes_fin_dt" .
   [1 0 0 0 0 0 0 4 1 0])
  ("week_bidfeed_" .
   [0 0 0 0 0 0 0 0 0 0 0 0 1])
  ("pop" .
   [2 0 0])
  ("week_bidfeed_fin" .
   [2 0 0 0 0 0 0 1 0 0 0 0 0 0 0 0])
  ("week_consume" .
   [0 0 0 0 0 0 0 0 0 0 0 3])
  ("10000000" .
   [1 0 0 0 0 0 0 0])
  ("bidfeed_ec_all" .
   [5 0 0 0 0 0 0 0 0 0 1 0 0 0])
  ("bidfeed_fc_all" .
   [4 0 0 0 0 0 0 0 0 0 0 0 0 0])
  ("fin_all_consume" .
   [0 0 0 0 0 0 0 2 0 0 0 0 0 0 0])
  ("bidfeed_min" .
   [3 0 0 0 0 0 0 0 0 0 0])
  ("fc_std" .
   [4 0 3 1 0 1])
  ("pv_std" .
   [3 0 5 1 0 0])
  ("iv_std" .
   [6 0 0 0 0 0])
  ("min_label" .
   [2 0 0 0 0 0 1 0 0])
  ("yes_bidfeed_all_dt" .
   [0 0 0 0 0 0 0 0 0 0 0 0 0 0 0 1 0 0])
  ("all_ec_fc_str" .
   [1 0 0 0 0 0 0 1 0 0 0 0 0])
  ("is_imp" .
   [6 0 0 5 0 4])
  ("is_ec" .
   [20 0 0 1 0])
  ("limit" .
   [1 0 0 0 0])
  ("old_reslen" .
   [0 0 0 0 0 0 0 0 1 0])
  ("zh_name" .
   [3 0 5 1 0 0 0])
  ("template" .
   [0 0 1 0 1 0 0 0])
  ("week_bidfeed_ec" .
   [3 0 0 0 0 0 0 0 0 0 0 0 0 0 0])
  ("week_imp_dt" .
   [0 0 0 0 0 0 1 0 2 0 0])
  ("week_iv_dt" .
   [2 0 0 0 0 0 0 1 0 0])
  ("week_consume_dt" .
   [1 0 0 0 0 0 0 0 0 0 0 0 0 0 0])
  ("max" .
   [2 0 0])
  ("max_label" .
   [2 0 0 0 0 0 0 0 0])
  ("now_hour" .
   [1 0 0 0 0 0 0 0])
  ("bidfeed_ec" .
   [4 0 0 0 0 0 0 0 0 0])
  ("week_bidfeed_iv" .
   [1 0 0 0 0 0 0 0 2 0 0 0 0 0 0])
  ("week_bidfeed_imp" .
   [0 0 0 0 0 0 0 0 1 0 0 0 1 0 0 0])
  ("yes_bidfeed_ec" .
   [3 0 0 0 0 0 0 1 0 0 0 0 0 0])
  ("01" .
   [5 0])
  ("fc_ec_str" .
   [1 0 0 0 0 0 0 0 0])
  ("min_iv" .
   [1 0 0 0 0 0])
  ("x_label" .
   [1 0 0 3 2 0 0])
  ("round" .
   [6 0 0 0 0])
  ("fin_table" .
   [0 0 0 0 0 0 1 0 0])
  ("fin" .
   [5 0 0])
  ("yes_per" .
   [2 0 0 0 0 0 0])
  ("max_fc" .
   [2 0 0 0 0 0])
  ("min_fc" .
   [2 0 0 0 0 0])
  ("url" .
   [2 0 0])
  ("sina_url" .
   [1 0 0 0 0 0 1 0])
  ("html_data" .
   [2 0 0 0 0 0 0 0 0])
  ("outdatat" .
   [0 0 0 1 0 0 0 0])
  ("pl" .
   [2 0])
  ("savefig" .
   [0 0 0 0 1 0 0])
  ("13" .
   [1 0])
  ("np" .
   [1 0])
  ("label" .
   [1 0 0 0 1])
  ("up10_fin_dt" .
   [0 0 0 0 0 0 0 0 1 0 0])
  ("all_data" .
   [2 0 0 0 0 0 0 0])
  ("dates" .
   [13 0 0 0 0])
  ("opens" .
   [2 0 0 0 0])
  ("00" .
   [5 0])
  ("MinuteLocator" .
   [1 0 0 0 0 0 0 0 0 0 0 0 0])
  ("09" .
   [1 0])
  ("16" .
   [1 0])
  ("hours" .
   [3 0 0 0 0])
  ("mins" .
   [1 0 0 0])
  ("dt" .
   [8 0])
  ("createpng" .
   [0 0 1 2 0 0 0 0 0])
  ("data" .
   [6 0 0 0])
  ("lex" .
   [5 0 0])
  ("x_dt" .
   [6 0 0 0])
  ("wbidfeed_time" .
   [0 0 0 1 0 1 0 0 0 0 0 0 0])
  ("lex2" .
   [2 0 0 0])
  ("ppl" .
   [1 0 0])
  ("lmins" .
   [0 0 1 0 0])
  ("fin_all_count" .
   [1 0 0 0 0 0 0 0 0 0 0 0 0])
  ("_fin" .
   [1 0 0 0])
  ("fbidfeed_time" .
   [0 0 0 0 1 0 0 0 0 0 0 0 0])
  ("sptime" .
   [12 0 1 0 0 1])
  ("encodedjson" .
   [0 0 0 1 1 0 0 0 0 0 0])
  ("st" .
   [4 0])
  ("et" .
   [1 0])
  ("spp" .
   [1 0 0])
  ("decodejson" .
   [0 0 1 0 1 0 1 0 0 0])
  ("alltime" .
   [2 0 0 0 0 0 0])
  ("mut" .
   [9 0 0])
  ("endtime" .
   [0 0 0 1 0 0 0])
  ("stt" .
   [2 0 0])
  ("all" .
   [1 0 0])
  ("plat" .
   [4 0 0 0])
  ("post_date" .
   [3 0 0 0 0 0 2 0 0])
  ("yyday" .
   [3 0 0 0 0])
  ("wday_iv" .
   [0 0 0 0 1 0 0])
  ("dic_ec" .
   [6 0 0 0 0 0])
  ("wday" .
   [7 0 0 0])
  ("fin_lens" .
   [3 0 0 0 0 0 0 0])
  ("9999" .
   [1 0 0 0])
  ("lt_hour" .
   [8 0 0 0 0 0 0])
  ("lt_min" .
   [7 0 0 0 0 0])
  ("tday" .
   [3 0 1 0])
  ("bidfeed_ec_dic" .
   [1 0 0 0 0 0 0 0 0 0 1 1 0 3])
  ("dd" .
   [3 0])
  ("bidfeed_imp_dic" .
   [0 0 0 0 0 1 0 0 1 0 0 0 0 0 0])
  ("bidfeed_iv_dic" .
   [0 0 0 0 0 0 0 0 0 0 0 0 0 1])
  ("bidfeed_afc_dic" .
   [0 0 0 0 0 0 0 0 0 1 0 1 0 1 0])
  ("fc_all_dt" .
   [1 0 0 0 0 0 0 0 0])
  ("tb" .
   [1 0])
  ("custdetail_table" .
   [0 0 0 0 1 0 0 0 0 0 0 0 0 0 0 0])
  ("cust_uid" .
   [2 0 0 0 0 0 1 0])
  ("eff_consume" .
   [1 0 0 0 0 0 0 0 0 0 0])
  ("txt" .
   [2 0 0])
  ("size_t" .
   [1 0 0 0 0 0])))
